MEMORY
  total            13.2 MB
  struct          159.1 KB
  buffer            6.8 KB
  arena            13.0 MB, used 0.0%

SIZES
  narena                13631488
  nbuffer               6976
  nplugin               0
  maxuse_stack          408
  maxuse_arena          408
  maxuse_con            0
  maxuse_efc            0
  ncon                  0
  ne                    0
  nf                    0
  nl                    0
  nefc                  0
  nJ                    0
  nA                    0
  nisland               0
  nidof                 0
  threadpool            0

ENERGY =   0         0       

TIME =  0       

QPOS
   0       
   2.2     
   0.2     
  -0.2     
   0.2     

QVEL
   0       
   0       
   0       
  -0       
   0       

QACC_WARMSTART
   0       
   0       
   0       
   0       
   0       

CTRL
   0       
   0       
   0       
  -8.7     
  -0.25    

QFRC_APPLIED
   0       
   0       
   0       
   0       
   0       

XFRC_APPLIED
   0         0         0         0         0         0       
   0         0         0         0         0         0       
   0         0         0         0         0         0       
   0         0         0         0         0         0       

QACC
   1.3e-16 
  -9.8     
   0       
  -1.3e-16 
  -6.9e-16 

XPOS
   0         0         0       
   0.15      0         5.2     
   0.3       0         3.7     
   0         0.1       6       

XQUAT
   1         0         0         0       
   1         0        -0.1       0       
   1         0         0         0       
   1         0         0         0       

XMAT
   1         0         0         0         1         0         0         0         1       
   0.98     -0        -0.2       0         1        -0         0.2       0         0.98    
   1         0         0         0         1         0         0         0         1       
   1         0         0         0         1         0         0         0         1       

XIPOS
   0         0         0       
   0.15      0         5.2     
   0.3       0         3.7     
   0         0.1       6       

XIMAT
   1         0         0         0         1         0         0         0         1       
   0.98     -0        -0.2       0         1        -0         0.2       0         0.98    
   1         0         0         0         1         0         0         0         1       
   1         0         0         0         1         0         0         0         1       

XANCHOR
   0         0         3       
   0         0         3       
   0         0         6       
   0.3       0         4.5     
   0         0.1       6       

XAXIS
   1         0         0       
   0         0         1       
   0        -1         0       
   0        -1         0       
   0         1         0       

GEOM_XPOS
   0         0         0       
   0.15      0         5.2     
   0.3       0         3.7     
   0         0.1       6       

GEOM_XMAT
   1         0         0         0         1         0         0         0         1       
   0.98     -0        -0.2       0         1        -0         0.2       0         0.98    
   1         0         0         0         1         0         0         0         1       
   1         0         0         0         1         0         0         0         1       

LIGHT_XPOS
   0         0         3       

LIGHT_XDIR
   0         0        -1       

SUBTREE_COM
   0.061     0.073     5.6     
   0.061     0.073     5.6     
   0.3       0         3.7     
   0         0.1       6       

CDOF
   0         0         0         1         0         0       
   0         0         0         0         0         1       
   0        -1         0         0.4       0         0.061   
   0        -1         0        -1.1      -0        -0.24    
   0         1         0        -0.4       0        -0.061   

CINERT
   0         0         0         0         0         0         0         0         0         0       
   0.044     0.046     0.0033    0.00096   0.0098   -0.0036    0.013    -0.011    -0.05      0.15    
   0.52      0.53      0.0094    0.0026    0.065    -0.02      0.036    -0.011    -0.27      0.15    
   0.21      0.21      0.084     0.0013    0.02     -0.0088   -0.049     0.022     0.32      0.8     

ACTUATOR_LENGTH
   0       
   2.2     
   0.2     
  -0.2     
   0.2     

actuator_moment
-------
 x     |
  x    |
   x   |
    x  |
     x |
-------

ACTUATOR_MOMENT
     0:  1       
     1:  1       
     2:  1       
     3:  1       
     4:  1       

CRB
   0         0         0         0         0         0         0         0         0         0       
   0.78      0.79      0.096     0.0049    0.094    -0.032    -6.9e-18  -3.5e-18   1.1e-16   1.1     
   0.52      0.53      0.0094    0.0026    0.065    -0.02      0.036    -0.011    -0.27      0.15    
   0.21      0.21      0.084     0.0013    0.02     -0.0088   -0.049     0.022     0.32      0.8     

QM
   1.1     
   0         1.1     
   0.44      0.067     0.97    
   0.11      0         0.28      0.11    
   0         0        -0.08                0.08    

M
     0:  1.1     
     0:  0          1:  1.1     
     0:  0.44       1:  0.067      2:  0.97    
     0:  0.11       1:  0          2:  0.28       3:  0.11    
     0:  0          1:  0          2: -0.08       4:  0.08    

QLD
     0:  0.85    
     0: -0.05       1:  1.1     
     0:  0.8        1:  0.32       2:  0.21    
     0:  1          1:  0          2:  2.5        3:  0.11    
     0:  0          1:  0          2: -1          4:  0.08    

QLDIAGINV
   1.2     
   0.93    
   4.8     
   8.9     
   13      

CONTACT
ACTUATOR_VELOCITY
   0       
   0       
   0       
   0       
   0       

CVEL
   0         0         0         0         0         0       
   0         0         0         0         0         0       
   0         0         0         0         0         0       
   0         0         0         0         0         0       

CDOF_DOT
   0         0         0         0         0         0       
   0         0         0         0         0         0       
   0         0        -0         0         0         0       
   0         0        -0         0         0         0       
   0         0         0         0         0         0       

QFRC_BIAS
   0       
   11      
   0.66    
   0       
   5.6e-17 

QFRC_SPRING
   0       
   0       
   0       
   0       
   0       

QFRC_DAMPER
   0       
   0       
   0       
   0       
   0       

QFRC_GRAVCOMP
   0       
   0       
   0       
   0       
   0       

QFRC_FLUID
   0       
   0       
   0       
   0       
   0       

QFRC_PASSIVE
   0       
   0       
   0       
   0       
   0       

SUBTREE_LINVEL
   0         0         0       
   0         0         0       
   0         0         0       
   0         0         0       

SUBTREE_ANGMOM
   0         0         0       
   0         0         0       
   0         0         0       
   0         0         0       

ACTUATOR_FORCE
   0       
   0       
   0       
   0       
   0       

QFRC_ACTUATOR
   0       
   0       
   0       
   0       
   0       

QFRC_SMOOTH
   0       
  -11      
  -0.66    
   0       
  -5.6e-17 

QACC_SMOOTH
   1.3e-16 
  -9.8     
   0       
  -1.3e-16 
  -6.9e-16 

QFRC_CONSTRAINT
   0       
   0       
   0       
   0       
   0       

QFRC_INVERSE
   0       
   0       
   0       
   0       
   0       

CACC
   0         0         0         0         0         0       
   0         0         0         0         0         0       
   0         0         0         0         0         0       
   0         0         0         0         0         0       

CFRC_INT
   0         0         0         0         0         0       
   0         0         0         0         0         0       
   0         0         0         0         0         0       
   0         0         0         0         0         0       

CFRC_EXT
   0         0         0         0         0         0       
   0         0         0         0         0         0       
   0         0         0         0         0         0       
   0         0         0         0         0         0       

